2
<-><-><-><-><-><-><-><-><-><-><-><-><-><-><-><-><->
1
380
538
false
11
4510
Grafika/Gracz1.png
Grafika/Gracz1_2.png
2
<-><-><-><-><-><-><-><-><-><-><-><-><-><-><-><-><->
2
5
0
26
false
4
300
Grafika/Przeciwnik5.png
Grafika/Przeciwnik5_2.png
1
1
120
101
77
100
0
<-><-><-><-><-><-><-><-><-><-><-><-><-><-><-><-><->
2
5
185
26
false
4
300
Grafika/Przeciwnik5.png
Grafika/Przeciwnik5_2.png
1
1
120
101
77
100
0
<-><-><-><-><-><-><-><-><-><-><-><-><-><-><-><-><->
2
5
370
26
false
4
300
Grafika/Przeciwnik5.png
Grafika/Przeciwnik5_2.png
1
1
120
101
77
100
0
<-><-><-><-><-><-><-><-><-><-><-><-><-><-><-><-><->
2
5
555
26
false
4
300
Grafika/Przeciwnik5.png
Grafika/Przeciwnik5_2.png
1
1
120
101
77
100
0
<-><-><-><-><-><-><-><-><-><-><-><-><-><-><-><-><->
2
5
740
26
false
4
300
Grafika/Przeciwnik5.png
Grafika/Przeciwnik5_2.png
1
1
120
101
77
100
0
<-><-><-><-><-><-><-><-><-><-><-><-><-><-><-><-><->
2
4
370
101
false
200
100
Grafika/Przeciwnik4.png
Grafika/Przeciwnik4_2.png
1
1
100
161
97
160
true
<-><-><-><-><-><-><-><-><-><-><-><-><-><-><-><-><->
3
3
532
173
Grafika/Pocisk4_1.png
0
0
2
0.4850000000000003
0.005
395
101
78.59999999999985
<-><-><-><-><-><-><-><-><-><-><-><-><-><-><-><-><->
3
3
543
53
Grafika/Pocisk4_2.png
0
0
2
-0.31046707480056734
-0.005
395
101
78.59999999999985
<-><-><-><-><-><-><-><-><-><-><-><-><-><-><-><-><->
3
3
499
216
Grafika/Pocisk4_1.png
0
0
2
0.8340658503988663
0.005
395
101
78.59999999999985
<-><-><-><-><-><-><-><-><-><-><-><-><-><-><-><-><->
3
3
550
107
Grafika/Pocisk4_2.png
0
0
2
0.03859877559829842
-0.005
395
101
78.59999999999985
<-><-><-><-><-><-><-><-><-><-><-><-><-><-><-><-><->
3
3
453
245
Grafika/Pocisk4_1.png
0
0
2
1.1831317007977282
0.005
395
101
78.59999999999985
<-><-><-><-><-><-><-><-><-><-><-><-><-><-><-><-><->
3
3
539
159
Grafika/Pocisk4_2.png
0
0
2
0.38766462599716434
-0.005
395
101
78.59999999999985
<-><-><-><-><-><-><-><-><-><-><-><-><-><-><-><-><->
3
3
401
256
Grafika/Pocisk4_1.png
0
0
2
1.5321975511965873
0.005
395
101
78.59999999999985
<-><-><-><-><-><-><-><-><-><-><-><-><-><-><-><-><->
3
3
510
205
Grafika/Pocisk4_2.png
0
0
2
0.7367304763960351
-0.005
395
101
78.59999999999985
<-><-><-><-><-><-><-><-><-><-><-><-><-><-><-><-><->
3
3
347
249
Grafika/Pocisk4_1.png
0
0
2
1.8812634015954532
0.005
395
101
78.59999999999985
<-><-><-><-><-><-><-><-><-><-><-><-><-><-><-><-><->
3
3
467
238
Grafika/Pocisk4_2.png
0
0
2
1.085796326794907
-0.005
395
101
78.59999999999985
<-><-><-><-><-><-><-><-><-><-><-><-><-><-><-><-><->
3
3
299
223
Grafika/Pocisk4_1.png
0
0
2
2.2303292519943194
0.005
395
101
78.59999999999985
<-><-><-><-><-><-><-><-><-><-><-><-><-><-><-><-><->
3
3
416
255
Grafika/Pocisk4_2.png
0
0
2
1.4348621771937728
-0.005
395
101
78.59999999999985
<-><-><-><-><-><-><-><-><-><-><-><-><-><-><-><-><->
3
3
263
183
Grafika/Pocisk4_1.png
0
0
2
2.579395102393185
0.005
395
101
78.59999999999985
<-><-><-><-><-><-><-><-><-><-><-><-><-><-><-><-><->
3
3
362
253
Grafika/Pocisk4_2.png
0
0
2
1.7839280275926388
-0.005
395
101
78.59999999999985
<-><-><-><-><-><-><-><-><-><-><-><-><-><-><-><-><->
3
3
242
133
Grafika/Pocisk4_1.png
0
0
2
2.928460952792051
0.005
395
101
78.59999999999985
<-><-><-><-><-><-><-><-><-><-><-><-><-><-><-><-><->
3
3
312
232
Grafika/Pocisk4_2.png
0
0
2
2.1329938779915047
-0.005
395
101
78.59999999999985
<-><-><-><-><-><-><-><-><-><-><-><-><-><-><-><-><->
3
3
240
79
Grafika/Pocisk4_1.png
0
0
2
3.277526803190917
0.005
395
101
78.59999999999985
<-><-><-><-><-><-><-><-><-><-><-><-><-><-><-><-><->
3
3
272
196
Grafika/Pocisk4_2.png
0
0
2
2.4820597283903707
-0.005
395
101
78.59999999999985
<-><-><-><-><-><-><-><-><-><-><-><-><-><-><-><-><->
3
3
257
28
Grafika/Pocisk4_1.png
0
0
2
3.6265926535897828
0.005
395
101
78.59999999999985
<-><-><-><-><-><-><-><-><-><-><-><-><-><-><-><-><->
3
3
246
148
Grafika/Pocisk4_2.png
0
0
2
2.8311255787892367
-0.005
395
101
78.59999999999985
<-><-><-><-><-><-><-><-><-><-><-><-><-><-><-><-><->
3
3
290
-14
Grafika/Pocisk4_1.png
0
0
2
3.9756585039886487
0.005
395
101
78.59999999999985
<-><-><-><-><-><-><-><-><-><-><-><-><-><-><-><-><->
3
3
239
94
Grafika/Pocisk4_2.png
0
0
2
3.1801914291881026
-0.005
395
101
78.59999999999985
<-><-><-><-><-><-><-><-><-><-><-><-><-><-><-><-><->
3
3
336
-43
Grafika/Pocisk4_1.png
0
0
2
4.324724354387515
0.005
395
101
78.59999999999985
<-><-><-><-><-><-><-><-><-><-><-><-><-><-><-><-><->
3
3
250
42
Grafika/Pocisk4_2.png
0
0
2
3.529257279586968
-0.005
395
101
78.59999999999985
<-><-><-><-><-><-><-><-><-><-><-><-><-><-><-><-><->
3
3
388
-54
Grafika/Pocisk4_1.png
0
0
2
4.67379020478638
0.005
395
101
78.59999999999985
<-><-><-><-><-><-><-><-><-><-><-><-><-><-><-><-><->
3
3
279
-3
Grafika/Pocisk4_2.png
0
0
2
3.8783231299858336
-0.005
395
101
78.59999999999985
<-><-><-><-><-><-><-><-><-><-><-><-><-><-><-><-><->
3
3
442
-47
Grafika/Pocisk4_1.png
0
0
2
5.022856055185247
0.005
395
101
78.59999999999985
<-><-><-><-><-><-><-><-><-><-><-><-><-><-><-><-><->
3
3
322
-36
Grafika/Pocisk4_2.png
0
0
2
4.2273889803847
-0.005
395
101
78.59999999999985
<-><-><-><-><-><-><-><-><-><-><-><-><-><-><-><-><->
3
3
490
-21
Grafika/Pocisk4_1.png
0
0
2
5.371921905584112
0.005
395
101
78.59999999999985
<-><-><-><-><-><-><-><-><-><-><-><-><-><-><-><-><->
3
3
373
-53
Grafika/Pocisk4_2.png
0
0
2
4.5764548307835655
-0.005
395
101
78.59999999999985
<-><-><-><-><-><-><-><-><-><-><-><-><-><-><-><-><->
3
3
526
18
Grafika/Pocisk4_1.png
0
0
2
5.7209877559829785
0.005
395
101
78.59999999999985
<-><-><-><-><-><-><-><-><-><-><-><-><-><-><-><-><->
3
3
427
-51
Grafika/Pocisk4_2.png
0
0
2
4.925520681182432
-0.005
395
101
78.59999999999985
<-><-><-><-><-><-><-><-><-><-><-><-><-><-><-><-><->
3
3
547
68
Grafika/Pocisk4_1.png
0
0
2
6.070053606381844
0.005
395
101
78.59999999999985
<-><-><-><-><-><-><-><-><-><-><-><-><-><-><-><-><->
3
3
477
-30
Grafika/Pocisk4_2.png
0
0
2
5.274586531581297
-0.005
395
101
78.59999999999985
<-><-><-><-><-><-><-><-><-><-><-><-><-><-><-><-><->
3
3
549
122
Grafika/Pocisk4_1.png
0
0
2
6.41911945678071
0.005
395
101
78.59999999999985
<-><-><-><-><-><-><-><-><-><-><-><-><-><-><-><-><->
3
3
517
5
Grafika/Pocisk4_2.png
0
0
2
5.623652381980163
-0.005
395
101
78.59999999999985
<-><-><-><-><-><-><-><-><-><-><-><-><-><-><-><-><->
3
3
179
279
Grafika/Pocisk5.png
0
0
4
0.896814878096197
0.0
25
86
62.59999999999991
<-><-><-><-><-><-><-><-><-><-><-><-><-><-><-><-><->
3
3
304
314
Grafika/Pocisk5.png
0
0
4
1.177479262631279
0.0
210
86
62.59999999999991
<-><-><-><-><-><-><-><-><-><-><-><-><-><-><-><-><->
3
3
402
333
Grafika/Pocisk5.png
0
0
4
1.5396860354326907
0.0
395
86
62.59999999999991
<-><-><-><-><-><-><-><-><-><-><-><-><-><-><-><-><->
3
3
497
319
Grafika/Pocisk5.png
0
0
4
1.9098718802582109
0.0
580
86
62.59999999999991
<-><-><-><-><-><-><-><-><-><-><-><-><-><-><-><-><->
3
3
618
285
Grafika/Pocisk5.png
0
0
4
2.2056107179075415
0.0
765
86
62.59999999999991
<-><-><-><-><-><-><-><-><-><-><-><-><-><-><-><-><->

